3212
3131
2225
3643
3458
4263
592
2725
4574
1302
1055
2201
4349
3453
2160
3359
3494
4795
2294
3419
230
2457
4941
1778
2527
949
4813
64
1788
1546
735
604
1331
94
993
754
1117
1752
3697
229
256
3376
4536
2043
4442
2735
4133
254
2504
4267
3287
4457
4645
2713
462
4718
851
3698
4332
779
2584
4123
3801
3590
2893
4069
1709
2147
2848
366
3810
491
571
3666
479
4388
4516
987
3356
2325
0
3511
2198
1663
2761
2420
3989
4727
959
1660
3051
1259
2686
3382
3559
4382
4351
4226
2140
3021
113
4239
2997
732
3775
1450
890
1092
4556
1249
653
635
1828
2130
3197
2667
1035
4835
2782
1311
789
432
4731
702
1958
2565
3506
4999
2625
4510
960
4124
715
2231
3345
3834
3751
3411
1138
2522
1885
2598
180
721
4513
1194
4983
1348
3163
4228
